0.000000000000000000e+00 0.000000000000000000e+00
5.128205128205128027e-02 2.564102564102564100e-03
1.025641025641025605e-01 5.128205128205128201e-03
1.538461538461538547e-01 7.692307692307692735e-03
2.051282051282051211e-01 1.025641025641025640e-02
2.564102564102563875e-01 1.282051282051282007e-02
3.076923076923077094e-01 1.538461538461538547e-02
3.589743589743589758e-01 1.794871794871795087e-02
4.102564102564102422e-01 2.051282051282051280e-02
4.615384615384615086e-01 2.307692307692307820e-02
5.128205128205127750e-01 2.564102564102564014e-02
5.641025641025640969e-01 2.820512820512820554e-02
6.153846153846154188e-01 3.076923076923077094e-02
6.666666666666666297e-01 3.333333333333333287e-02
7.179487179487179516e-01 3.589743589743590174e-02
7.692307692307691624e-01 3.846153846153846367e-02
8.205128205128204844e-01 4.102564102564102561e-02
8.717948717948718063e-01 4.358974358974359448e-02
9.230769230769230171e-01 4.615384615384615641e-02
9.743589743589743390e-01 4.871794871794871834e-02
1.025641025641025550e+00 5.128205128205128027e-02
1.076923076923076872e+00 5.384615384615384914e-02
1.128205128205128194e+00 5.641025641025641107e-02
1.179487179487179516e+00 5.897435897435897995e-02
1.230769230769230838e+00 6.153846153846154188e-02
1.282051282051281937e+00 6.410256410256409687e-02
1.333333333333333259e+00 6.666666666666666574e-02
1.384615384615384581e+00 6.923076923076923461e-02
1.435897435897435903e+00 7.179487179487180348e-02
1.487179487179487225e+00 7.435897435897435848e-02
1.538461538461538325e+00 7.692307692307692735e-02
1.589743589743589647e+00 7.948717948717948234e-02
1.641025641025640969e+00 8.205128205128205121e-02
1.692307692307692291e+00 8.461538461538462008e-02
1.743589743589743613e+00 8.717948717948718895e-02
1.794871794871794712e+00 8.974358974358974395e-02
1.846153846153846034e+00 9.230769230769231282e-02
1.897435897435897356e+00 9.487179487179486781e-02
1.948717948717948678e+00 9.743589743589743668e-02
2.000000000000000000e+00 1.000000000000000056e-01
2.000000000000000000e+00 1.000000000000000056e-01
2.051282051282051100e+00 9.743589743589745056e-02
2.102564102564102644e+00 9.487179487179486781e-02
2.153846153846153744e+00 9.230769230769231282e-02
2.205128205128205288e+00 8.974358974358974395e-02
2.256410256410256387e+00 8.717948717948718895e-02
2.307692307692307487e+00 8.461538461538463396e-02
2.358974358974359031e+00 8.205128205128205121e-02
2.410256410256410131e+00 7.948717948717949622e-02
2.461538461538461675e+00 7.692307692307692735e-02
2.512820512820512775e+00 7.435897435897437235e-02
2.564102564102563875e+00 7.179487179487181736e-02
2.615384615384615419e+00 6.923076923076923461e-02
2.666666666666666519e+00 6.666666666666667962e-02
2.717948717948718063e+00 6.410256410256409687e-02
2.769230769230769162e+00 6.153846153846154188e-02
2.820512820512820262e+00 5.897435897435898688e-02
2.871794871794871806e+00 5.641025641025641107e-02
2.923076923076922906e+00 5.384615384615385608e-02
2.974358974358974450e+00 5.128205128205128027e-02
3.025641025641025550e+00 4.871794871794872528e-02
3.076923076923076650e+00 4.615384615384617029e-02
3.128205128205128194e+00 4.358974358974359448e-02
3.179487179487179738e+00 4.102564102564101867e-02
3.230769230769230838e+00 3.846153846153846367e-02
3.282051282051281937e+00 3.589743589743590868e-02
3.333333333333333037e+00 3.333333333333335369e-02
3.384615384615384581e+00 3.076923076923077094e-02
3.435897435897436125e+00 2.820512820512820207e-02
3.487179487179487225e+00 2.564102564102564707e-02
3.538461538461538325e+00 2.307692307692307820e-02
3.589743589743589425e+00 2.051282051282052321e-02
3.641025641025640969e+00 1.794871794871795434e-02
3.692307692307692513e+00 1.538461538461537159e-02
3.743589743589743613e+00 1.282051282051281660e-02
3.794871794871794712e+00 1.025641025641026161e-02
3.846153846153845812e+00 7.692307692307706612e-03
3.897435897435897356e+00 5.128205128205137742e-03
3.948717948717948900e+00 2.564102564102554993e-03
4.000000000000000000e+00 0.000000000000000000e+00
4.000000000000000000e+00 0.000000000000000000e+00
3.948717948717948900e+00 -2.564102564102554993e-03
3.897435897435897356e+00 -5.128205128205137742e-03
3.846153846153845812e+00 -7.692307692307706612e-03
3.794871794871794712e+00 -1.025641025641026161e-02
3.743589743589743613e+00 -1.282051282051281660e-02
3.692307692307692513e+00 -1.538461538461537159e-02
3.641025641025640969e+00 -1.794871794871795434e-02
3.589743589743589425e+00 -2.051282051282052321e-02
3.538461538461538325e+00 -2.307692307692307820e-02
3.487179487179487225e+00 -2.564102564102564707e-02
3.435897435897436125e+00 -2.820512820512820207e-02
3.384615384615384581e+00 -3.076923076923077094e-02
3.333333333333333037e+00 -3.333333333333335369e-02
3.282051282051281937e+00 -3.589743589743590868e-02
3.230769230769230838e+00 -3.846153846153846367e-02
3.179487179487179738e+00 -4.102564102564101867e-02
3.128205128205128194e+00 -4.358974358974359448e-02
3.076923076923076650e+00 -4.615384615384617029e-02
3.025641025641025550e+00 -4.871794871794872528e-02
2.974358974358974450e+00 -5.128205128205128027e-02
2.923076923076922906e+00 -5.384615384615385608e-02
2.871794871794871806e+00 -5.641025641025641107e-02
2.820512820512820262e+00 -5.897435897435898688e-02
2.769230769230769162e+00 -6.153846153846154188e-02
2.717948717948718063e+00 -6.410256410256409687e-02
2.666666666666666519e+00 -6.666666666666667962e-02
2.615384615384615419e+00 -6.923076923076923461e-02
2.564102564102563875e+00 -7.179487179487181736e-02
2.512820512820512775e+00 -7.435897435897437235e-02
2.461538461538461675e+00 -7.692307692307692735e-02
2.410256410256410131e+00 -7.948717948717949622e-02
2.358974358974359031e+00 -8.205128205128205121e-02
2.307692307692307487e+00 -8.461538461538463396e-02
2.256410256410256387e+00 -8.717948717948718895e-02
2.205128205128205288e+00 -8.974358974358974395e-02
2.153846153846153744e+00 -9.230769230769231282e-02
2.102564102564102644e+00 -9.487179487179486781e-02
2.051282051282051100e+00 -9.743589743589745056e-02
2.000000000000000000e+00 -1.000000000000000056e-01
2.000000000000000000e+00 -1.000000000000000056e-01
1.948717948717948678e+00 -9.743589743589743668e-02
1.897435897435897356e+00 -9.487179487179486781e-02
1.846153846153846034e+00 -9.230769230769231282e-02
1.794871794871794712e+00 -8.974358974358974395e-02
1.743589743589743613e+00 -8.717948717948718895e-02
1.692307692307692291e+00 -8.461538461538462008e-02
1.641025641025640969e+00 -8.205128205128205121e-02
1.589743589743589647e+00 -7.948717948717948234e-02
1.538461538461538325e+00 -7.692307692307692735e-02
1.487179487179487225e+00 -7.435897435897435848e-02
1.435897435897435903e+00 -7.179487179487180348e-02
1.384615384615384581e+00 -6.923076923076923461e-02
1.333333333333333259e+00 -6.666666666666666574e-02
1.282051282051281937e+00 -6.410256410256409687e-02
1.230769230769230838e+00 -6.153846153846154188e-02
1.179487179487179516e+00 -5.897435897435897995e-02
1.128205128205128194e+00 -5.641025641025641107e-02
1.076923076923076872e+00 -5.384615384615384914e-02
1.025641025641025550e+00 -5.128205128205128027e-02
9.743589743589743390e-01 -4.871794871794871834e-02
9.230769230769230171e-01 -4.615384615384615641e-02
8.717948717948718063e-01 -4.358974358974359448e-02
8.205128205128204844e-01 -4.102564102564102561e-02
7.692307692307691624e-01 -3.846153846153846367e-02
7.179487179487179516e-01 -3.589743589743590174e-02
6.666666666666666297e-01 -3.333333333333333287e-02
6.153846153846154188e-01 -3.076923076923077094e-02
5.641025641025640969e-01 -2.820512820512820554e-02
5.128205128205127750e-01 -2.564102564102564014e-02
4.615384615384615086e-01 -2.307692307692307820e-02
4.102564102564102422e-01 -2.051282051282051280e-02
3.589743589743589758e-01 -1.794871794871795087e-02
3.076923076923077094e-01 -1.538461538461538547e-02
2.564102564102563875e-01 -1.282051282051282007e-02
2.051282051282051211e-01 -1.025641025641025640e-02
1.538461538461538547e-01 -7.692307692307692735e-03
1.025641025641025605e-01 -5.128205128205128201e-03
5.128205128205128027e-02 -2.564102564102564100e-03
0.000000000000000000e+00 -0.000000000000000000e+00
