0.000000000000000000e+00 0.000000000000000000e+00
0.000000000000000000e+00 0.000000000000000000e+00
0.000000000000000000e+00 0.000000000000000000e+00
0.000000000000000000e+00 0.000000000000000000e+00
0.000000000000000000e+00 0.000000000000000000e+00
0.000000000000000000e+00 0.000000000000000000e+00
0.000000000000000000e+00 0.000000000000000000e+00
0.000000000000000000e+00 0.000000000000000000e+00
0.000000000000000000e+00 0.000000000000000000e+00
0.000000000000000000e+00 0.000000000000000000e+00
0.000000000000000000e+00 0.000000000000000000e+00
0.000000000000000000e+00 0.000000000000000000e+00
0.000000000000000000e+00 0.000000000000000000e+00
0.000000000000000000e+00 0.000000000000000000e+00
0.000000000000000000e+00 0.000000000000000000e+00
0.000000000000000000e+00 0.000000000000000000e+00
0.000000000000000000e+00 0.000000000000000000e+00
0.000000000000000000e+00 0.000000000000000000e+00
0.000000000000000000e+00 0.000000000000000000e+00
0.000000000000000000e+00 0.000000000000000000e+00
0.000000000000000000e+00 0.000000000000000000e+00
0.000000000000000000e+00 0.000000000000000000e+00
0.000000000000000000e+00 0.000000000000000000e+00
0.000000000000000000e+00 0.000000000000000000e+00
0.000000000000000000e+00 0.000000000000000000e+00
0.000000000000000000e+00 0.000000000000000000e+00
0.000000000000000000e+00 0.000000000000000000e+00
0.000000000000000000e+00 0.000000000000000000e+00
0.000000000000000000e+00 0.000000000000000000e+00
0.000000000000000000e+00 0.000000000000000000e+00
0.000000000000000000e+00 0.000000000000000000e+00
0.000000000000000000e+00 0.000000000000000000e+00
0.000000000000000000e+00 0.000000000000000000e+00
0.000000000000000000e+00 0.000000000000000000e+00
0.000000000000000000e+00 0.000000000000000000e+00
0.000000000000000000e+00 0.000000000000000000e+00
0.000000000000000000e+00 0.000000000000000000e+00
0.000000000000000000e+00 0.000000000000000000e+00
0.000000000000000000e+00 0.000000000000000000e+00
0.000000000000000000e+00 0.000000000000000000e+00
0.000000000000000000e+00 0.000000000000000000e+00
0.000000000000000000e+00 0.000000000000000000e+00
0.000000000000000000e+00 0.000000000000000000e+00
0.000000000000000000e+00 0.000000000000000000e+00
0.000000000000000000e+00 0.000000000000000000e+00
0.000000000000000000e+00 0.000000000000000000e+00
0.000000000000000000e+00 0.000000000000000000e+00
0.000000000000000000e+00 0.000000000000000000e+00
0.000000000000000000e+00 0.000000000000000000e+00
0.000000000000000000e+00 0.000000000000000000e+00
0.000000000000000000e+00 0.000000000000000000e+00
0.000000000000000000e+00 0.000000000000000000e+00
0.000000000000000000e+00 0.000000000000000000e+00
0.000000000000000000e+00 0.000000000000000000e+00
0.000000000000000000e+00 0.000000000000000000e+00
0.000000000000000000e+00 0.000000000000000000e+00
0.000000000000000000e+00 0.000000000000000000e+00
0.000000000000000000e+00 0.000000000000000000e+00
0.000000000000000000e+00 0.000000000000000000e+00
0.000000000000000000e+00 0.000000000000000000e+00
0.000000000000000000e+00 0.000000000000000000e+00
0.000000000000000000e+00 0.000000000000000000e+00
0.000000000000000000e+00 0.000000000000000000e+00
0.000000000000000000e+00 0.000000000000000000e+00
0.000000000000000000e+00 0.000000000000000000e+00
0.000000000000000000e+00 0.000000000000000000e+00
0.000000000000000000e+00 0.000000000000000000e+00
0.000000000000000000e+00 0.000000000000000000e+00
0.000000000000000000e+00 0.000000000000000000e+00
0.000000000000000000e+00 0.000000000000000000e+00
0.000000000000000000e+00 0.000000000000000000e+00
0.000000000000000000e+00 0.000000000000000000e+00
0.000000000000000000e+00 0.000000000000000000e+00
0.000000000000000000e+00 0.000000000000000000e+00
0.000000000000000000e+00 0.000000000000000000e+00
0.000000000000000000e+00 0.000000000000000000e+00
0.000000000000000000e+00 0.000000000000000000e+00
0.000000000000000000e+00 0.000000000000000000e+00
0.000000000000000000e+00 0.000000000000000000e+00
2.507435897435897676e+00 -3.256410256410227633e-03
2.474871794871795316e+00 -6.512820512820469143e-03
2.442307692307692513e+00 -9.769230769230752287e-03
2.409743589743589709e+00 -1.302564102564102155e-02
2.377179487179487349e+00 -1.628205128205126306e-02
2.344615384615384990e+00 -1.953846153846150457e-02
2.312051282051282186e+00 -2.279487179487177384e-02
2.279487179487179382e+00 -2.605128205128205698e-02
2.246923076923077023e+00 -2.930769230769229849e-02
2.214358974358974663e+00 -3.256410256410252613e-02
2.181794871794871860e+00 -3.582051282051280927e-02
2.149230769230769500e+00 -3.907692307692305078e-02
2.116666666666666696e+00 -4.233333333333333393e-02
2.084102564102564337e+00 -4.558974358974356156e-02
2.051538461538461533e+00 -4.884615384615384470e-02
2.018974358974359173e+00 -5.210256410256408621e-02
1.986410256410256370e+00 -5.535897435897436936e-02
1.953846153846154010e+00 -5.861538461538459699e-02
1.921282051282051428e+00 -6.187179487179485238e-02
1.888717948717948847e+00 -6.512820512820510777e-02
1.856153846153846265e+00 -6.838461538461537703e-02
1.823589743589743684e+00 -7.164102564102563242e-02
1.791025641025641102e+00 -7.489743589743588781e-02
1.758461538461538520e+00 -7.815384615384615707e-02
1.725897435897435939e+00 -8.141025641025639858e-02
1.693333333333333357e+00 -8.466666666666666785e-02
1.660769230769230775e+00 -8.792307692307692324e-02
1.628205128205128194e+00 -9.117948717948717863e-02
1.595641025641025834e+00 -9.443589743589742014e-02
1.563076923076923030e+00 -9.769230769230770328e-02
1.530512820512820671e+00 -1.009487179487179309e-01
1.497948717948717867e+00 -1.042051282051282141e-01
1.465384615384615508e+00 -1.074615384615384556e-01
1.432820512820512926e+00 -1.107179487179487110e-01
1.400256410256410344e+00 -1.139743589743589663e-01
1.367692307692307763e+00 -1.172307692307692217e-01
1.335128205128205181e+00 -1.204871794871794910e-01
1.302564102564102599e+00 -1.237435897435897464e-01
1.270000000000000018e+00 -1.270000000000000018e-01
1.237435897435897658e+00 -1.237435897435897741e-01
1.204871794871795077e+00 -1.204871794871795188e-01
1.172307692307692495e+00 -1.172307692307692495e-01
1.139743589743589913e+00 -1.139743589743589941e-01
1.107179487179487332e+00 -1.107179487179487387e-01
1.074615384615384750e+00 -1.074615384615384833e-01
1.042051282051282168e+00 -1.042051282051282279e-01
1.009487179487179587e+00 -1.009487179487179587e-01
9.769230769230770051e-01 -9.769230769230770328e-02
9.443589743589744234e-01 -9.443589743589744789e-02
9.117948717948718418e-01 -9.117948717948719251e-02
8.792307692307693712e-01 -8.792307692307693712e-02
8.466666666666667895e-01 -8.466666666666668173e-02
8.141025641025642079e-01 -8.141025641025642634e-02
7.815384615384616263e-01 -7.815384615384617095e-02
7.489743589743590446e-01 -7.489743589743590169e-02
7.164102564102564630e-01 -7.164102564102564630e-02
6.838461538461538813e-01 -6.838461538461539091e-02
6.512820512820514107e-01 -6.512820512820514940e-02
6.187179487179488291e-01 -6.187179487179488707e-02
5.861538461538462474e-01 -5.861538461538462474e-02
5.535897435897436658e-01 -5.535897435897436936e-02
5.210256410256410842e-01 -5.210256410256411397e-02
4.884615384615385025e-01 -4.884615384615385164e-02
4.558974358974359209e-01 -4.558974358974359625e-02
4.233333333333333948e-01 -4.233333333333334086e-02
3.907692307692308131e-01 -3.907692307692308548e-02
3.582051282051282315e-01 -3.582051282051282315e-02
3.256410256410257054e-01 -3.256410256410257470e-02
2.930769230769231237e-01 -2.930769230769231237e-02
2.605128205128205421e-01 -2.605128205128205698e-02
2.279487179487179604e-01 -2.279487179487179813e-02
1.953846153846154066e-01 -1.953846153846154274e-02
1.628205128205128527e-01 -1.628205128205128735e-02
1.302564102564102710e-01 -1.302564102564102849e-02
9.769230769230770328e-02 -9.769230769230771369e-03
6.512820512820513552e-02 -6.512820512820514246e-03
3.256410256410256776e-02 -3.256410256410257123e-03
