1.628205128205128388e-02 1.715620250728278950e+00
4.884615384615385164e-02 1.715620250728278950e+00
8.141025641025642634e-02 1.715620250728278950e+00
1.139743589743589802e-01 1.715620250728278950e+00
1.465384615384615619e-01 1.715620250728281171e+00
1.791025641025641435e-01 1.715620250728278950e+00
2.116666666666666696e-01 1.715620250728278950e+00
2.442307692307692513e-01 1.715620250728281171e+00
2.767948717948718329e-01 1.715620250728278950e+00
3.093589743589744145e-01 1.715620250728281171e+00
3.419230769230769962e-01 1.715620250728278950e+00
3.744871794871795223e-01 1.715620250728281171e+00
4.070512820512821039e-01 1.715620250728278950e+00
4.396153846153846301e-01 1.715620250728281171e+00
4.721794871794872117e-01 1.715620250728278950e+00
5.047435897435897934e-01 1.715620250728281171e+00
5.373076923076923750e-01 1.715620250728278950e+00
5.698717948717949566e-01 1.715620250728278950e+00
6.024358974358975383e-01 1.715620250728281171e+00
6.350000000000001199e-01 1.715620250728281171e+00
6.675641025641025905e-01 1.715620250728278950e+00
7.001282051282051722e-01 1.715620250728278950e+00
7.326923076923077538e-01 1.715620250728278950e+00
7.652564102564103354e-01 1.715620250728283613e+00
7.978205128205129171e-01 1.715620250728278950e+00
8.303846153846154987e-01 1.715620250728278950e+00
8.629487179487180804e-01 1.715620250728278950e+00
8.955128205128206620e-01 1.715620250728283613e+00
9.280769230769231326e-01 1.715620250728278950e+00
9.606410256410257142e-01 1.715620250728278950e+00
9.932051282051282959e-01 1.715620250728278950e+00
1.025769230769230766e+00 1.715620250728283613e+00
1.058333333333333570e+00 1.715620250728278950e+00
1.090897435897435930e+00 1.715620250728278950e+00
1.123461538461538733e+00 1.715620250728278950e+00
1.156025641025641093e+00 1.715620250728278950e+00
1.188589743589743897e+00 1.715620250728283613e+00
1.221153846153846256e+00 1.715620250728278950e+00
1.253717948717948838e+00 1.715620250728278950e+00
1.286282051282051420e+00 5.571610142402908528e-01
1.318846153846153779e+00 5.571610142402908528e-01
1.351410256410256583e+00 5.571610142402889654e-01
1.383974358974358942e+00 5.571610142402908528e-01
1.416538461538461746e+00 5.571610142402908528e-01
1.449102564102564106e+00 5.571610142402908528e-01
1.481666666666666687e+00 5.571610142402898536e-01
1.514230769230769269e+00 5.571610142402898536e-01
1.546794871794871851e+00 5.571610142402912969e-01
1.579358974358974432e+00 5.571610142402898536e-01
1.611923076923077014e+00 5.571610142402898536e-01
1.644487179487179596e+00 5.571610142402908528e-01
1.677051282051281955e+00 5.571610142402908528e-01
1.709615384615384759e+00 5.571610142402889654e-01
1.742179487179487118e+00 5.571610142402921850e-01
1.774743589743589922e+00 5.571610142402889654e-01
1.807307692307692282e+00 5.571610142402908528e-01
1.839871794871795085e+00 5.571610142402908528e-01
1.872435897435897445e+00 5.571610142402889654e-01
1.905000000000000249e+00 5.571610142402908528e-01
1.937564102564102608e+00 5.571610142402908528e-01
1.970128205128205190e+00 5.571610142402912969e-01
2.002692307692307772e+00 5.571610142402898536e-01
2.035256410256410575e+00 5.571610142402898536e-01
2.067820512820512935e+00 5.571610142402898536e-01
2.100384615384615294e+00 5.571610142402912969e-01
2.132948717948718098e+00 5.571610142402898536e-01
2.165512820512820902e+00 5.571610142402898536e-01
2.198076923076923261e+00 5.571610142402898536e-01
2.230641025641025621e+00 5.571610142402912969e-01
2.263205128205128425e+00 5.571610142402898536e-01
2.295769230769230784e+00 5.571610142402898536e-01
2.328333333333333588e+00 5.571610142402917409e-01
2.360897435897435948e+00 5.571610142402898536e-01
2.393461538461538751e+00 5.571610142402898536e-01
2.426025641025641111e+00 5.571610142402917409e-01
2.458589743589743914e+00 5.571610142402898536e-01
2.491153846153846274e+00 5.571610142402898536e-01
2.523717948717949078e+00 5.571610142402912969e-01
